101 32
116 104
116 32
115 32
100 32
44 32
111 117
101 114
105 110
121 32
97 110
58 10
111 114
111 32
101 110
10 10
97 114
32 257
111 110
108 108
104 97
44 10
46 271
105 259
101 115
121 262
32 115
116 269
266 260
111 119
101 97
32 109
32 119
111 102
32 104
264 103
111 109
32 97
99 104
257 256
115 116
32 98
110 111
105 114
102 268
118 256
101 261
105 257
273 256
115 101
108 105
84 104
275 32
114 101
115 258
97 258
65 110
73 32
101 272
105 109
105 116
111 111
103 104
97 116
105 115
108 101
263 32
262 114
312 260
39 259
101 101
298 258
109 265
59 10
114 97
46 10
281 114
117 114
276 258
114 105
117 258
108 260
79 267
289 32
101 260
108 97
105 258
114 111
263 256
101 259
100 261
117 110
69 78
107 256
121 261
73 78
32 100
63 271
97 259
102 97
119 303
276 301
83 267
32 99
87 104
257 311
270 116
257 101
99 101
115 104
109 97
32 112
257 263
98 101
46 32
65 82
99 256
291 32
97 108
59 32
257 262
115 261
109 256
115 256
108 111
99 107
119 104
105 108
39 260
73 338
110 285
105 275
98 256
101 275
114 286
32 116
116 261
262 337
101 10
287 265
118 263
99 292
104 256
32 283
32 73
101 108
85 358
111 108
100 105
32 103
97 265
116 263
32 281
97 264
307 256
108 256
105 274
32 102
114 117
105 102
101 109
266 100
84 269
105 318
272 256
117 112
277 324
104 315
101 100
105 308
268 100
105 294
108 265
317 260
85 67
285 110
104 279
351 71
32 284
99 274
110 101
97 121
101 278
114 292
105 100
117 115
65 78
262 110
109 266
97 103
69 82
79 82
101 258
114 280
305 108
290 279
101 277
101 116
99 97
32 264
115 276
33 10
69 84
84 334
112 111
113 117
257 265
33 271
109 268
117 108
110 269
97 109
273 101
65 267
118 270
98 265
115 10
75 433
115 112
290 315
104 263
257 279
273 279
273 311
63 10
111 257
274 103
66 336
280 258
111 261
98 336
32 289
70 268
115 117
117 116
288 303
274 256
97 275
73 67
270 100
79 76
73 288
100 269
292 256
107 386
115 277
115 299
99 116
261 284
117 259
280 259
282 116
450 102
69 76
97 349
107 291
108 286
272 100
288 104
111 112
119 268
297 256
97 100
73 402
371 68
473 32
115 269
273 262
32 332
104 314
270 258
109 111
280 116
45 45
116 111
99 105
83 84
77 265
281 32
270 32
39 116
262 259
119 256
100 10
108 317
58 32
69 267
100 101
33 32
73 39
293 109
273 265
79 78
290 256
114 266
264 32
100 286
115 97
264 107
266 32
263 101
117 294
282 276
320 104
115 274
102 439
105 301
103 429
115 119
117 310
278 67
97 98
108 426
65 259
276 257
87 334
278 80
97 32
286 107
114 285
116 10
264 256
262 108
105 103
100 263
89 262
112 263
380 118
278 76
112 114
306 349
520 400
72 97
82 79
329 324
256 283
84 385
280 115
109 101
105 99
262 318
282 104
421 274
73 267
262 258
268 32
121 10
458 267
65 85
119 354
99 266
112 343
119 334
263 118
97 350
321 258
89 32
69 32
105 260
266 116
313 357
297 336
323 32
300 32
297 101
104 286
97 115
306 102
101 121
111 337
119 389
73 110
277 360
117 109
299 310
63 32
266 103
73 546
32 339
105 296
270 260
363 109
75 267
276 116
73 102
332 32
494 72
82 642
119 272
68 85
326 112
376 32
645 75
102 465
648 613
115 111
111 100
116 116
293 259
300 256
105 381
116 414
276 260
87 303
98 411
419 116
112 112
348 592
116 315
446 267
264 100
73 282
464 256
278 66
280 261
363 265
456 275
278 521
280 256
101 120
119 425
278 71
278 83
355 368
89 267
100 111
375 284
257 270
290 263
119 344
293 275
79 261
351 67
285 32
72 256
98 108
101 325
108 268
287 256
98 343
111 379
278 77
579 110
114 265
283 295
117 318
79 102
101 112
287 101
396 265
292 101
264 304
270 364
10 418
65 66
119 387
102 335
552 257
270 372
100 277
293 32
112 272
419 258
266 265
540 107
97 119
366 349
76 79
545 308
643 587
69 532
70 630
257 322
436 119
288 334
363 299
430 72
105 118
99 302
119 393
103 101
103 330
259 284
272 109
430 726
723 740
741 665
118 111
121 448
355 299
69 348
114 431
307 279
363 256
468 299
282 269
307 262
382 427
76 73
333 256
